
Date,TemperatureHighC,TemperatureAvgC,TemperatureLowC,DewpointHighC,DewpointAvgC,DewpointLowC,HumidityHigh,HumidityAvg,HumidityLow,PressureMaxhPa,PressureMinhPa,WindSpeedMaxKMH,WindSpeedAvgKMH,GustSpeedMaxKMH,PrecipitationSumCM<br>
2018-6-2,17.7,17.3,17.0,12.2,12.0,11.8,73,71,69,1016,1016,22,8,26,0.00
<br>
2018-6-3,22.6,18.9,15.2,14.9,11.7,7.5,82,63,38,1016,1011,24,5,26,0.00
<br>
2018-6-4,24.5,19.8,15.0,16.7,14.1,10.0,87,70,47,1012,1007,17,3,19,0.00
<br>
2018-6-5,24.7,21.7,18.6,19.5,17.2,14.7,93,74,58,1009,1007,15,3,19,0.56
<br>
2018-6-6,29.9,24.8,19.8,19.0,17.0,13.1,88,69,41,1017,1010,35,4,35,1.52
<br>
2018-6-7,28.3,23.9,19.5,20.3,18.6,14.0,94,74,47,1017,1015,36,8,39,0.00
<br>
2018-6-8,29.8,25.3,20.9,21.1,19.2,17.6,94,76,50,1019,1016,33,8,35,0.05
<br>
2018-6-9,30.8,25.1,19.5,20.7,18.3,13.0,93,77,38,1015,1006,30,7,36,0.00
<br>
2018-6-10,26.5,23.6,20.7,19.5,17.8,13.1,91,74,52,1008,1005,52,15,58,1.32
<br>
2018-6-11,26.3,23.4,20.5,17.9,16.4,13.8,83,67,50,1011,1007,46,15,54,0.00
<br>
2018-6-12,27.3,23.2,19.2,18.5,16.2,13.1,89,67,45,1010,1007,32,9,40,0.00
<br>
2018-6-13,29.2,23.8,18.4,17.0,15.1,9.3,88,65,33,1008,1003,38,7,44,0.00
<br>
2018-6-14,28.4,23.7,18.9,19.7,17.5,15.6,88,75,46,1006,1003,35,8,35,0.00
<br>
2018-6-15,32.5,26.4,20.4,20.7,18.6,13.0,91,70,33,1007,1004,42,7,43,0.00
<br>
2018-6-16,30.3,24.0,17.8,19.3,17.2,14.4,95,66,39,1008,1004,59,7,65,1.85
<br>
2018-6-17,23.4,21.2,19.0,20.0,18.3,16.0,93,86,78,1010,1007,18,2,19,0.91
<br>
2018-6-18,26.9,22.9,19.0,20.4,18.8,16.7,91,80,60,1010,1008,37,3,37,0.00
<br>
2018-6-19,27.8,24.4,21.0,20.5,18.6,15.1,91,73,51,1013,1009,47,9,47,0.00
<br>
2018-6-20,27.9,24.6,21.2,20.5,18.9,15.4,91,73,54,1016,1013,43,10,47,0.00
<br>
2018-6-21,30.2,25.8,21.4,21.9,19.2,11.8,90,74,33,1015,1012,31,6,31,0.00
<br>
2018-6-22,25.9,23.6,21.3,21.5,18.9,14.3,89,77,62,1013,1009,19,2,20,0.00
<br>
2018-6-23,27.3,22.1,16.8,21.6,17.6,13.2,91,75,57,1015,1009,54,9,56,0.38
<br>
2018-6-24,22.4,20.3,18.2,16.0,14.3,11.4,82,68,51,1016,1015,48,13,55,0.00
<br>
2018-6-25,24.5,21.8,19.3,18.9,14.3,10.7,82,63,45,1015,1013,53,14,54,0.00
<br>
2018-6-26,26.2,23.7,21.2,20.3,18.8,17.6,88,77,62,1013,1007,37,12,46,0.36
<br>
2018-6-27,26.9,23.2,19.4,21.0,19.5,16.5,97,83,58,1008,1003,51,7,51,1.07
<br>
2018-6-28,25.2,22.1,19.0,20.2,18.4,16.7,96,82,63,1006,1004,35,5,35,0.38
<br>
2018-6-29,24.3,21.9,19.5,19.8,18.4,16.9,92,80,69,1006,1003,29,4,30,0.30
<br>
2018-6-30,23.8,22.4,21.1,19.6,18.7,17.6,90,81,71,1004,1003,31,4,35,0.00
<br>
