
Date,TemperatureHighC,TemperatureAvgC,TemperatureLowC,DewpointHighC,DewpointAvgC,DewpointLowC,HumidityHigh,HumidityAvg,HumidityLow,PressureMaxhPa,PressureMinhPa,WindSpeedMaxKMH,WindSpeedAvgKMH,GustSpeedMaxKMH,PrecipitationSumCM<br>
2018-7-1,27.6,24.3,21.0,20.7,18.4,14.2,89,72,56,1015,1007,23,4,26,0.00
<br>
2018-7-2,30.0,25.7,21.5,18.1,15.0,9.5,76,51,33,1016,1015,30,5,32,0.00
<br>
2018-7-3,32.4,27.1,21.8,17.3,13.9,10.0,60,46,34,1016,1013,29,5,29,0.00
<br>
2018-7-4,32.1,27.3,22.5,20.2,16.1,13.2,76,53,39,1014,1012,33,7,34,0.00
<br>
2018-7-5,32.0,27.0,22.1,19.6,15.2,9.1,71,51,31,1012,1010,37,7,38,0.00
<br>
2018-7-6,27.8,24.8,21.8,19.4,17.5,15.6,75,65,50,1012,1010,25,6,28,0.00
<br>
2018-7-7,30.3,25.9,21.6,19.3,17.6,15.5,79,65,45,1011,1008,34,7,36,0.00
<br>
2018-7-8,29.0,25.3,21.8,20.1,18.6,15.9,83,68,47,1009,1008,36,7,37,0.00
<br>
2018-7-9,29.3,25.4,21.6,20.8,19.1,16.3,87,70,50,1010,1008,33,6,35,0.00
<br>
2018-7-10,29.2,25.6,22.0,21.9,20.1,18.6,87,74,57,1011,1009,32,7,32,0.00
<br>
2018-7-11,29.7,25.7,21.7,21.1,19.7,18.1,92,72,51,1013,1011,44,10,44,0.00
<br>
2018-7-12,30.5,26.0,21.5,20.9,19.2,16.6,91,69,47,1013,1012,34,9,36,0.00
<br>
2018-7-13,32.1,26.8,21.7,21.9,19.4,15.7,92,67,39,1013,1010,33,6,33,0.00
<br>
2018-7-14,30.0,26.2,22.5,21.3,19.9,17.5,89,71,52,1012,1010,42,8,42,0.00
<br>
2018-7-15,30.7,26.6,22.5,21.0,16.3,11.9,87,56,32,1011,1009,37,4,38,0.00
<br>
2018-7-16,30.2,25.9,21.9,25.7,17.6,14.0,90,61,41,1011,1010,24,2,26,0.99
<br>
2018-7-17,28.2,25.9,23.7,21.4,19.5,17.2,81,69,56,1010,1006,33,4,40,0.00
<br>
2018-7-18,28.8,25.8,22.9,21.2,18.8,16.2,81,69,54,1006,1004,26,4,26,0.00
<br>
2018-7-19,29.1,25.6,22.1,20.6,16.9,14.4,79,59,46,1007,1005,33,3,33,0.81
<br>
2018-7-20,30.1,26.6,23.0,21.7,18.6,16.2,70,62,51,1010,1007,33,3,33,0.00
<br>
2018-7-21,30.7,26.6,22.6,22.9,20.6,18.2,85,69,51,1012,1010,25,3,25,0.00
<br>
2018-7-22,30.2,27.3,24.5,24.1,22.1,19.3,85,74,56,1011,1007,24,3,25,3.10
<br>
2018-7-23,33.8,28.6,23.4,22.4,20.1,16.9,83,64,41,1008,1001,46,6,48,0.15
<br>
2018-7-24,26.7,23.4,20.1,21.8,19.6,16.8,94,82,61,1004,1001,36,3,36,3.35
<br>
2018-7-25,28.2,25.1,22.0,21.2,20.3,19.2,91,78,60,1006,1003,21,2,22,0.00
<br>
2018-7-26,29.6,25.8,22.1,22.5,20.7,19.4,88,75,57,1010,1006,31,4,31,0.00
<br>
2018-7-27,30.1,26.4,23.0,22.3,21.1,18.4,89,78,62,1011,1009,45,4,45,0.00
<br>
2018-7-28,28.6,25.4,22.3,21.7,20.8,19.2,89,75,59,1010,1008,22,3,22,0.00
<br>
2018-7-29,32.1,27.3,22.6,22.6,20.8,19.2,85,70,48,1009,1007,33,5,35,0.00
<br>
2018-7-30,30.9,26.8,22.8,22.7,21.4,19.4,90,76,54,1010,1007,35,6,36,0.00
<br>
2018-7-31,27.6,25.7,23.8,22.1,21.7,20.1,88,82,64,1010,1008,33,8,33,0.00
<br>
