
Date,TemperatureHighC,TemperatureAvgC,TemperatureLowC,DewpointHighC,DewpointAvgC,DewpointLowC,HumidityHigh,HumidityAvg,HumidityLow,PressureMaxhPa,PressureMinhPa,WindSpeedMaxKMH,WindSpeedAvgKMH,GustSpeedMaxKMH,PrecipitationSumCM<br>
2018-8-1,29.8,26.9,24.0,23.6,22.4,20.7,91,78,60,1013,1010,34,9,38,0.00
<br>
2018-8-2,30.2,27.4,24.6,23.8,21.9,19.2,91,74,57,1013,1012,45,12,50,0.00
<br>
2018-8-3,29.9,26.8,23.6,22.1,20.7,19.1,83,71,54,1013,1011,46,12,56,0.00
<br>
2018-8-4,29.8,27.0,24.3,22.0,19.3,13.9,84,65,39,1013,1011,45,14,55,0.00
<br>
2018-8-5,29.8,26.8,23.9,22.3,19.7,15.6,85,67,43,1013,1012,45,12,48,0.00
<br>
2018-8-6,29.5,26.1,22.7,22.4,20.4,15.9,94,72,44,1014,1013,35,8,40,0.00
<br>
2018-8-7,30.1,26.3,22.7,22.5,19.8,15.4,92,69,44,1014,1012,41,10,47,0.00
<br>
2018-8-8,29.7,26.8,23.8,23.0,21.1,16.6,90,74,48,1016,1013,41,10,46,0.00
<br>
2018-8-9,29.0,26.4,23.8,21.3,18.8,15.1,80,65,44,1017,1015,54,13,61,0.00
<br>
2018-8-10,28.6,26.4,24.3,21.0,18.5,14.9,80,64,48,1019,1017,53,14,57,0.08
<br>
2018-8-11,27.4,25.3,23.3,16.8,15.0,12.3,62,54,42,1019,1016,56,13,56,0.00
<br>
2018-8-12,33.3,27.5,21.7,22.4,9.4,13.4,65,46,45,1017,1015,39,7,41,0.00
<br>
2018-8-13,26.9,24.3,21.8,17.4,15.3,13.6,69,58,47,1016,1012,47,11,51,0.00
<br>
2018-8-14,29.0,25.4,22.0,20.5,17.8,13.8,76,66,41,1013,1011,47,10,47,0.00
<br>
2018-8-15,28.9,25.9,23.0,21.7,19.4,16.8,86,69,49,1011,1009,53,12,53,0.00
<br>
2018-8-16,29.2,26.0,22.7,22.0,20.6,18.7,88,76,55,1011,1009,38,7,47,0.00
<br>
2018-8-17,28.7,25.8,23.0,22.6,21.0,18.4,90,78,57,1010,1009,42,9,47,0.00
<br>
2018-8-18,29.4,26.4,23.6,22.6,21.5,17.2,91,76,50,1012,1010,43,9,44,0.00
<br>
2018-8-19,31.0,27.7,24.6,22.0,18.7,14.1,83,62,37,1013,1012,51,13,51,0.00
<br>
2018-8-20,28.8,26.1,23.4,20.3,17.6,14.7,78,62,45,1013,1011,53,13,53,0.00
<br>
2018-8-21,28.5,25.1,21.7,19.6,16.5,13.7,77,60,41,1014,1012,46,10,47,0.00
<br>
2018-8-22,28.5,25.3,22.2,19.9,18.8,17.6,80,69,56,1015,1013,52,12,53,0.00
<br>
2018-8-23,29.4,26.3,23.3,21.5,18.3,15.1,81,64,43,1015,1011,53,14,53,0.00
<br>
2018-8-24,27.8,25.6,23.4,21.3,20.6,19.2,85,76,63,1013,1009,55,13,56,0.00
<br>
2018-8-25,29.3,26.2,23.2,21.3,19.5,16.9,87,70,50,1010,1008,38,10,41,0.00
<br>
2018-8-26,28.8,25.6,22.4,21.1,19.6,16.9,85,71,50,1009,1006,31,7,32,0.00
<br>
2018-8-27,29.3,25.7,22.2,21.8,20.3,17.4,89,74,54,1008,1006,43,9,46,0.00
<br>
2018-8-28,29.4,26.5,23.7,23.1,21.2,18.2,89,74,57,1011,1007,50,12,50,0.00
<br>
2018-8-29,28.4,25.6,22.8,22.1,20.8,18.8,87,76,57,1013,1009,38,10,49,0.00
<br>
2018-8-30,28.0,24.8,21.5,21.5,20.4,18.9,92,81,65,1014,1012,40,4,41,0.00
<br>
