
Date,TemperatureHighC,TemperatureAvgC,TemperatureLowC,DewpointHighC,DewpointAvgC,DewpointLowC,HumidityHigh,HumidityAvg,HumidityLow,PressureMaxhPa,PressureMinhPa,WindSpeedMaxKMH,WindSpeedAvgKMH,GustSpeedMaxKMH,PrecipitationSumCM<br>
2018-11-1,22.8,19.4,16.1,16.4,13.6,10.0,84,74,61,1028,1025,15,3,26,0.00
<br>
2018-11-2,20.3,18.2,16.2,14.5,13.3,12.4,82,77,69,1028,1025,17,3,33,0.00
<br>
2018-11-3,21.1,18.2,15.3,14.9,12.8,10.4,80,73,66,1027,1024,18,3,38,0.00
<br>
2018-11-4,21.9,19.3,16.8,16.2,14.7,13.2,82,76,69,1025,1023,18,3,32,0.00
<br>
2018-11-5,20.5,18.0,15.5,14.1,12.8,11.5,81,74,64,1024,1021,16,3,32,0.00
<br>
2018-11-6,18.5,16.8,15.0,14.0,12.6,11.0,85,78,71,1022,1021,13,2,34,0.00
<br>
2018-11-7,23.0,18.2,13.3,14.1,11.3,10.2,83,75,56,1023,1021,11,2,31,0.03
<br>
2018-11-8,17.8,15.3,12.8,14.1,12.4,10.0,90,83,77,1021,1020,14,2,29,0.00
<br>
2018-11-9,22.3,17.3,12.3,15.9,11.8,9.5,91,82,67,1022,1020,12,3,24,0.00
<br>
2018-11-10,19.3,16.2,13.7,13.9,12.1,11.1,88,82,70,1021,1019,13,2,27,0.00
<br>
2018-11-11,22.6,17.8,13.2,16.0,13.1,11.4,92,83,66,1025,1021,12,2,23,0.00
<br>
2018-11-12,23.6,18.4,13.5,13.6,11.8,9.6,91,79,53,1029,1025,15,2,27,0.00
<br>
2018-11-13,17.1,14.1,11.0,12.5,9.5,5.4,85,76,67,1029,1027,22,4,40,0.00
<br>
2018-11-14,16.2,13.3,10.4,10.9,7.9,6.5,90,78,67,1027,1022,20,4,37,0.05
<br>
2018-11-15,14.8,11.6,8.5,10.7,7.6,6.3,91,84,75,1022,1018,21,4,45,3.28
<br>
2018-11-16,10.4,8.9,7.5,7.9,6.6,5.0,91,88,83,1028,1019,29,6,55,2.77
<br>
2018-11-17,13.2,10.4,7.5,9.3,7.4,5.0,90,83,76,1028,1025,15,3,30,0.00
<br>
2018-11-18,11.4,10.8,10.2,10.1,9.4,8.6,92,91,86,1025,1013,11,2,36,0.00
<br>
2018-11-19,17.2,13.7,10.1,13.2,11.7,8.2,92,85,76,1020,1010,20,4,33,1.78
<br>
2018-11-20,12.4,11.2,10.1,11.0,9.3,7.9,91,88,85,1022,1019,14,2,24,0.00
<br>
2018-11-21,16.2,14.1,11.9,14.4,12.2,10.5,91,90,88,1019,1011,11,1,17,0.00
<br>
2018-11-22,13.6,11.7,9.7,12.2,10.3,7.1,96,90,84,1021,1012,23,5,46,0.00
<br>
2018-11-23,12.3,10.7,9.2,7.8,6.8,6.2,86,81,73,1027,1021,18,5,38,0.00
<br>
2018-11-24,11.9,10.7,9.4,7.7,6.8,5.2,84,78,71,1027,1023,14,2,30,0.00
<br>
2018-11-25,14.4,12.1,9.7,9.7,7.7,6.6,84,79,67,1023,1015,20,3,29,0.00
<br>
2018-11-26,15.5,13.2,10.8,12.3,9.8,7.5,89,81,74,1015,1007,40,9,63,0.63
<br>
2018-11-27,18.6,17.0,15.5,14.0,12.9,12.3,83,79,73,1009,1006,42,14,72,0.03
<br>
