
Date,TemperatureHighC,TemperatureAvgC,TemperatureLowC,DewpointHighC,DewpointAvgC,DewpointLowC,HumidityHigh,HumidityAvg,HumidityLow,PressureMaxhPa,PressureMinhPa,WindSpeedMaxKMH,WindSpeedAvgKMH,GustSpeedMaxKMH,PrecipitationSumCM<br>
2018-12-1,6.2,4.9,3.6,4.2,2.5,1.5,90,86,82,1025,1022,23,4,59,0.00
<br>
2018-12-2,13.1,9.7,6.2,9.5,6.7,4.1,90,86,78,1024,1021,14,1,25,0.00
<br>
2018-12-3,15.3,11.8,8.3,10.8,8.7,6.8,91,87,74,1021,1015,13,2,27,0.00
<br>
2018-12-4,12.6,11.7,10.8,10.4,9.6,8.7,91,88,84,1015,1011,15,3,32,0.00
<br>
2018-12-5,11.8,9.4,7.1,10.2,8.4,5.6,90,90,89,1019,1011,22,6,58,3.99
<br>
2018-12-6,7.3,6.3,5.3,5.8,3.6,0.6,90,84,70,1023,1019,36,9,67,5.28
<br>
2018-12-7,12.0,7.4,2.9,3.5,-0.4,-1.4,80,66,49,1025,1021,22,4,44,0.00
<br>
2018-12-8,16.3,9.7,3.1,4.9,1.7,-1.4,81,70,45,1021,1014,24,4,37,0.00
<br>
2018-12-9,13.3,10.7,8.1,8.9,5.2,3.2,89,69,51,1014,1007,25,7,42,0.23
<br>
2018-12-10,12.7,10.4,8.2,9.7,8.4,5.9,89,85,77,1008,1001,24,4,67,1.78
<br>
2018-12-11,8.1,6.7,5.3,5.9,4.2,2.9,86,83,79,1015,1001,23,3,97,2.84
<br>
2018-12-12,7.0,4.6,2.2,4.4,2.2,0.3,89,81,72,1022,1013,24,4,44,0.74
<br>
2018-12-13,9.8,7.2,4.6,3.4,1.1,-0.1,77,65,54,1023,1021,29,8,48,0.00
<br>
2018-12-14,11.0,8.8,6.6,6.1,4.0,1.5,77,71,63,1022,1020,14,1,21,0.00
<br>
2018-12-15,17.7,13.8,9.8,9.8,7.9,5.9,81,72,60,1021,1018,15,2,21,0.00
<br>
2018-12-16,18.3,14.4,10.6,9.9,7.8,6.7,82,70,58,1018,1013,16,1,29,0.00
<br>
2018-12-17,11.4,9.8,8.2,9.6,8.0,6.6,90,89,82,1018,1013,21,5,34,0.10
<br>
2018-12-18,9.8,8.5,7.2,8.2,7.1,5.7,90,90,90,1019,1016,29,7,58,2.36
<br>
2018-12-19,7.2,4.3,1.4,5.7,2.1,-0.1,90,90,90,1027,1015,46,5,92,10.82
<br>
2018-12-20,4.9,3.4,1.9,2.9,1.6,0.4,90,87,84,1030,1027,12,2,18,0.00
<br>
2018-12-21,8.0,6.4,4.9,5.0,4.1,2.9,87,83,79,1030,1026,19,3,29,0.00
<br>
2018-12-22,10.2,8.2,6.2,6.8,5.6,4.1,89,85,79,1027,1021,36,12,47,0.00
<br>
2018-12-23,15.3,12.1,9.0,10.2,7.8,6.2,90,85,70,1023,1019,32,8,43,0.08
<br>
2018-12-24,13.9,11.1,8.2,8.6,7.5,6.1,90,80,68,1023,1009,65,15,84,0.00
<br>
2018-12-25,13.0,8.2,3.3,9.0,3.1,0.4,87,82,70,1022,1010,49,7,80,4.67
<br>
2018-12-26,10.5,6.2,1.9,2.5,-0.2,-2.1,85,74,57,1026,1022,31,4,49,0.13
<br>
2018-12-27,6.7,4.3,2.0,2.8,0.1,-2.5,79,73,64,1026,1022,17,2,26,0.00
<br>
2018-12-28,13.6,8.9,4.2,5.0,2.3,0.2,80,73,55,1026,1021,24,4,30,0.00
<br>
2018-12-29,7.1,6.3,5.5,4.8,3.3,1.7,90,81,71,1023,1018,23,7,61,1.35
<br>
2018-12-30,7.3,6.2,5.1,4.7,3.6,3.0,87,83,80,1024,1023,15,2,38,0.10
<br>
2018-12-31,11.8,8.1,4.4,5.0,3.6,2.1,85,77,61,1024,1022,9,1,20,0.03
<br>
