
Date,TemperatureHighC,TemperatureAvgC,TemperatureLowC,DewpointHighC,DewpointAvgC,DewpointLowC,HumidityHigh,HumidityAvg,HumidityLow,PressureMaxhPa,PressureMinhPa,WindSpeedMaxKMH,WindSpeedAvgKMH,GustSpeedMaxKMH,PrecipitationSumCM<br>
2018-6-1,20.5,19.4,18.3,18.6,17.8,16.9,100,94,80,1014,1014,0,0,0,0.00
<br>
2018-6-2,27.6,22.2,16.7,19.5,16.9,12.6,100,81,50,1016,1014,13,1,24,0.00
<br>
2018-6-3,26.7,19.9,13.2,16.5,13.5,8.1,94,72,32,1015,1010,10,2,18,0.00
<br>
2018-6-4,28.1,20.9,13.8,20.4,16.6,12.9,96,79,52,1010,1005,14,4,24,0.03
<br>
2018-6-5,32.0,25.2,18.5,22.1,19.1,17.3,97,80,54,1008,1005,15,3,20,0.33
<br>
2018-6-6,34.2,27.0,19.8,21.5,19.2,16.5,100,74,40,1015,1008,11,3,15,1.57
<br>
2018-6-7,33.6,26.1,18.6,23.1,20.6,18.6,100,82,52,1017,1014,11,3,14,0.03
<br>
2018-6-8,32.4,25.9,19.4,23.1,20.9,19.3,100,86,57,1018,1015,10,3,17,0.00
<br>
2018-6-9,32.0,24.9,17.8,24.4,20.6,17.8,100,81,60,1015,1005,16,3,25,1.60
<br>
2018-6-10,26.8,24.1,21.4,21.5,20.2,18.1,91,81,72,1007,1004,21,6,31,0.00
<br>
2018-6-11,27.9,24.7,21.5,21.3,19.8,18.7,86,77,66,1009,1006,22,5,27,0.00
<br>
2018-6-12,29.2,24.0,18.8,20.5,19.2,16.8,95,77,57,1009,1006,18,4,29,0.00
<br>
2018-6-13,28.9,23.4,17.9,21.7,18.7,16.3,92,77,56,1006,1001,21,3,26,0.00
<br>
2018-6-14,29.3,23.8,18.4,21.9,19.6,17.1,93,79,64,1004,1002,17,4,24,0.00
<br>
2018-6-15,31.2,26.0,20.8,23.0,20.9,19.0,93,78,59,1006,1003,18,4,26,0.00
<br>
2018-6-16,30.9,25.9,21.0,23.8,20.7,18.7,90,77,56,1007,1003,18,4,26,1.93
<br>
2018-6-17,25.0,22.6,20.4,21.8,19.8,18.6,94,89,78,1008,1005,20,4,23,0.63
<br>
2018-6-18,27.1,23.6,20.0,22.6,21.1,19.1,99,87,74,1008,1006,24,4,27,0.00
<br>
2018-6-19,27.4,24.1,20.9,22.6,21.6,20.0,98,87,71,1012,1008,20,4,27,2.36
<br>
2018-6-20,29.2,25.1,21.0,23.6,22.0,20.7,98,85,70,1015,1011,21,4,27,0.00
<br>
2018-6-21,29.9,25.5,21.1,23.6,21.8,20.2,98,82,57,1014,1010,18,3,23,0.00
<br>
2018-6-22,30.7,26.2,21.7,22.9,21.2,17.3,95,82,54,1011,1007,16,3,20,1.35
<br>
2018-6-23,25.7,22.6,19.6,23.0,20.7,17.4,92,85,77,1014,1008,24,6,32,0.30
<br>
2018-6-24,24.2,22.1,20.0,19.1,17.6,16.2,90,79,66,1014,1013,16,4,24,0.00
<br>
2018-6-25,26.5,23.6,20.6,21.0,18.3,16.5,90,76,63,1014,1011,24,4,31,0.00
<br>
2018-6-26,26.5,24.2,21.9,23.7,21.7,20.0,95,89,83,1012,1007,15,3,24,0.00
<br>
2018-6-27,28.1,24.7,21.3,23.3,21.9,20.1,99,88,72,1008,1001,28,4,38,1.30
<br>
2018-6-28,28.4,23.7,19.0,21.7,20.2,18.8,100,83,62,1006,1002,30,5,34,11.48
<br>
2018-6-29,27.1,23.4,19.8,20.6,19.7,18.6,95,81,64,1004,1001,35,8,44,0.99
<br>
2018-6-30,28.2,25.0,21.8,20.8,19.8,18.7,89,75,61,1005,1001,35,8,39,0.00
<br>
2018-7-1,29.3,25.7,22.1,22.6,20.4,19.0,86,75,59,1013,1005,19,3,22,0.00
<br>
2018-7-2,31.3,25.3,19.3,23.2,20.3,17.9,92,75,60,1015,1013,18,3,24,0.00
<br>
2018-7-3,33.2,27.0,20.7,23.1,19.5,15.4,80,65,51,1014,1012,18,3,22,0.00
<br>
2018-7-4,32.6,27.1,21.6,23.4,20.4,16.6,87,68,53,1013,1010,17,3,23,0.00
<br>
2018-7-5,33.1,27.1,21.2,21.2,18.9,17.3,84,63,42,1011,1008,19,3,25,0.00
<br>
2018-7-6,31.8,26.0,20.3,21.3,19.9,18.1,88,71,47,1010,1008,20,3,26,0.00
<br>
2018-7-7,30.5,25.3,20.3,23.1,21.0,18.4,91,76,61,1009,1006,21,3,27,0.20
<br>
2018-7-8,29.6,25.6,21.5,23.1,21.4,19.8,93,78,62,1008,1006,19,3,24,0.00
<br>
2018-7-9,30.5,25.9,21.3,23.6,21.9,20.2,94,82,66,1009,1007,19,4,26,0.05
<br>
2018-7-10,31.5,26.4,21.4,24.8,22.8,20.7,97,82,66,1010,1008,16,3,22,0.00
<br>
2018-7-11,30.4,26.3,22.2,24.9,23.0,21.0,95,83,71,1011,1010,18,4,26,0.00
<br>
2018-7-12,30.9,26.5,22.1,24.5,22.9,21.4,97,83,66,1015,1010,21,4,26,0.00
<br>
2018-7-13,33.0,27.3,21.6,24.5,23.1,21.2,98,82,57,1012,1009,17,3,29,0.00
<br>
2018-7-14,30.7,27.0,23.4,25.4,23.7,21.9,99,86,72,1012,1010,21,5,28,0.00
<br>
2018-7-15,31.7,26.6,21.6,23.2,21.6,19.7,97,77,53,1011,1009,25,4,33,0.00
<br>
2018-7-16,32.4,26.9,21.5,22.2,20.4,18.3,88,70,46,1010,1009,22,4,28,0.00
<br>
2018-7-17,33.4,28.6,23.7,21.6,20.5,17.9,85,69,42,1010,1004,26,6,32,0.03
<br>
2018-7-18,29.5,26.4,23.3,23.2,20.7,18.4,86,75,62,1005,1004,18,3,20,0.28
<br>
2018-7-19,29.4,25.8,22.3,22.6,20.5,18.6,86,76,64,1006,1005,18,3,24,0.00
<br>
2018-7-20,31.9,26.8,21.7,24.5,22.2,20.2,93,81,62,1010,1006,23,4,29,0.00
<br>
2018-7-21,31.6,27.2,22.8,25.5,23.1,20.8,92,81,64,1011,1009,20,3,25,0.00
<br>
2018-7-22,34.7,29.0,23.2,25.4,23.2,21.3,95,77,52,1011,1007,18,3,23,0.00
<br>
2018-7-23,34.1,28.6,23.1,24.8,22.8,20.6,91,73,53,1007,1001,20,4,23,0.00
<br>
2018-7-24,28.4,24.6,20.8,24.4,21.8,20.1,100,91,73,1003,1000,79,6,83,8.26
<br>
2018-7-25,27.4,23.8,20.2,24.2,22.2,20.0,100,91,80,1006,1002,29,4,32,0.30
<br>
2018-7-26,31.3,26.4,21.6,26.1,23.6,21.6,100,90,73,1010,1006,19,3,24,0.05
<br>
2018-7-27,31.3,26.2,21.4,26.4,23.5,20.2,100,92,75,1010,1009,17,3,22,1.78
<br>
2018-7-28,30.5,26.3,22.2,25.7,23.7,22.1,100,87,73,1010,1007,18,3,23,0.00
<br>
2018-7-29,30.1,25.7,21.4,25.8,23.6,20.8,98,88,76,1008,1007,18,4,26,0.00
<br>
2018-7-30,31.7,27.1,22.6,27.1,24.7,22.6,100,90,75,1009,1007,18,4,24,0.00
<br>
2018-7-31,30.5,27.0,23.5,26.9,25.2,23.3,100,91,79,1011,1008,19,4,27,0.00
<br>
2018-8-1,30.7,27.4,24.2,27.5,25.8,24.2,100,92,82,1013,1010,21,5,31,0.00
<br>
2018-8-2,32.9,28.8,24.8,28.5,26.0,23.7,100,89,73,1013,1012,22,5,32,0.00
<br>
2018-8-3,30.7,27.6,24.4,27.3,25.1,23.5,97,88,77,1013,1011,24,5,29,0.00
<br>
2018-8-4,32.0,28.3,24.6,26.0,24.3,23.1,95,83,63,1013,1011,19,4,27,0.00
<br>
2018-8-5,32.7,28.6,24.4,26.4,24.6,22.4,96,83,60,1013,1012,23,4,29,0.00
<br>
2018-8-6,32.4,27.6,22.8,26.4,24.4,21.5,100,85,62,1014,1012,21,3,27,0.00
<br>
2018-8-7,33.3,28.3,23.3,26.0,24.4,23.0,100,84,61,1014,1012,20,4,28,0.00
<br>
2018-8-8,32.4,27.7,23.2,26.8,24.8,22.8,100,87,70,1015,1013,22,4,32,0.00
<br>
2018-8-9,31.5,28.4,25.2,25.0,23.8,22.7,89,78,62,1017,1014,22,5,30,0.00
<br>
2018-8-10,31.6,28.0,24.4,24.6,22.9,19.0,95,77,64,1018,1016,22,4,31,0.00
<br>
2018-8-11,30.4,27.3,24.2,21.4,19.4,17.5,71,65,56,1018,1015,24,3,32,0.00
<br>
2018-8-12,30.6,26.5,22.4,20.2,18.7,17.0,79,65,49,1016,1015,19,3,26,0.00
<br>
2018-8-13,30.1,26.2,22.5,21.9,19.3,17.1,76,68,57,1015,1012,21,3,31,0.00
<br>
2018-8-14,31.2,26.8,22.4,23.6,21.6,19.2,91,75,57,1012,1010,22,4,30,0.00
<br>
2018-8-15,32.4,28.2,23.9,27.8,24.7,21.5,99,86,72,1010,1009,21,3,32,0.00
<br>
2018-8-16,31.1,26.9,22.8,27.6,25.2,22.6,99,93,79,1010,1009,18,2,29,0.00
<br>
2018-8-17,27.5,25.2,23.0,26.7,24.3,22.8,99,95,84,1011,1009,17,4,31,0.00
<br>
2018-8-18,33.0,27.8,22.7,26.6,24.5,22.4,99,87,68,1012,1010,22,4,31,0.00
<br>
2018-8-19,33.1,29.2,25.2,26.5,24.2,21.4,94,78,60,1013,1011,25,3,33,0.00
<br>
2018-8-20,30.9,27.3,23.8,23.9,22.3,18.1,87,75,64,1013,1011,31,3,40,0.00
<br>
2018-8-21,30.7,26.3,21.9,23.8,20.7,17.2,85,73,65,1014,1011,20,3,29,0.00
<br>
2018-8-22,31.2,26.8,22.4,25.0,22.7,20.2,90,79,70,1014,1013,26,4,36,0.00
<br>
2018-8-23,31.7,27.8,23.9,24.5,22.5,20.4,86,76,62,1014,1011,25,4,36,0.00
<br>
2018-8-24,30.3,27.0,23.7,25.7,23.3,20.8,91,83,74,1012,1008,27,4,37,0.00
<br>
2018-8-25,31.6,27.3,23.1,22.7,20.8,19.5,82,70,52,1010,1008,18,3,27,0.00
<br>
2018-8-26,31.7,26.4,21.1,22.7,20.3,18.0,83,72,58,1009,1006,17,2,22,0.00
<br>
2018-8-27,32.0,26.8,21.6,23.4,21.3,18.8,86,75,58,1008,1005,21,2,29,0.00
<br>
2018-8-28,31.6,27.7,23.7,24.8,22.7,21.4,89,77,60,1011,1007,26,4,37,0.00
<br>
2018-8-29,29.3,26.3,23.4,23.5,22.3,20.9,87,80,69,1013,1009,23,4,35,0.13
<br>
2018-8-30,29.4,25.9,22.4,24.5,22.4,20.1,89,83,74,1015,1012,27,4,39,0.03
<br>
2018-8-31,32.4,27.9,23.4,24.6,22.8,21.8,92,79,60,1015,1014,16,4,26,0.00
<br>
2018-9-1,32.3,27.6,22.8,25.1,23.1,21.3,92,79,63,1015,1013,19,4,27,0.00
<br>
2018-9-2,31.3,27.6,23.9,24.8,23.2,22.0,90,80,67,1015,1014,20,5,32,0.00
<br>
2018-9-3,31.5,27.3,23.1,24.7,22.8,21.3,90,79,66,1014,1009,18,3,24,0.00
<br>
2018-9-4,31.5,26.7,21.9,24.0,21.3,20.0,89,79,62,1010,1008,11,2,17,0.00
<br>
2018-9-5,28.7,25.0,21.3,22.9,20.7,19.1,88,81,69,1009,1007,15,3,24,0.03
<br>
2018-9-6,26.6,23.2,19.8,20.2,18.6,16.4,88,78,68,1009,1006,20,4,28,0.15
<br>
2018-9-7,29.4,25.2,21.0,20.9,18.9,17.3,84,73,58,1011,1008,16,3,20,0.00
<br>
2018-9-8,27.4,24.5,21.6,22.0,19.7,17.2,86,78,66,1014,1011,24,2,28,0.00
<br>
2018-9-9,28.7,24.0,19.3,21.0,18.7,17.2,90,78,61,1016,1014,14,2,20,0.00
<br>
2018-9-10,28.0,23.2,18.3,19.1,16.9,15.7,88,74,57,1018,1015,25,4,44,0.03
<br>
2018-9-11,26.4,22.7,19.0,19.0,16.7,15.1,83,73,61,1019,1017,16,2,18,0.00
<br>
2018-9-12,30.4,24.0,17.7,20.8,16.6,14.2,82,73,56,1020,1017,19,3,26,0.00
<br>
2018-9-13,26.5,22.8,19.1,21.3,18.8,15.7,86,80,73,1017,1010,25,4,41,0.51
<br>
2018-9-14,24.9,21.6,18.5,20.6,18.1,16.6,89,85,74,1015,1011,21,3,48,1.80
<br>
2018-9-15,30.5,25.1,19.9,21.0,18.4,16.9,88,72,54,1017,1015,18,3,26,0.00
<br>
2018-9-16,28.4,25.1,21.8,21.9,20.1,19.0,84,75,67,1021,1016,16,4,29,0.03
<br>
2018-9-17,28.0,24.1,20.3,19.6,18.1,15.6,86,74,56,1023,1021,20,3,36,0.00
<br>
2018-9-18,27.6,23.8,20.1,19.5,16.2,14.6,75,68,60,1022,1020,17,3,32,0.00
<br>
2018-9-19,27.0,22.9,18.9,18.6,16.5,14.6,78,71,60,1021,1019,24,3,42,0.00
<br>
2018-9-20,27.1,23.5,19.9,20.1,17.1,14.7,77,71,64,1019,1016,19,4,41,0.00
<br>
2018-9-21,28.1,24.2,20.4,19.9,18.0,16.6,80,73,60,1017,1016,17,3,37,0.00
<br>
2018-9-22,31.9,25.3,18.8,21.4,18.0,15.9,83,73,54,1017,1015,15,2,22,0.00
<br>
2018-9-23,31.1,24.3,17.5,22.6,18.2,15.1,88,77,55,1020,1017,12,2,22,0.00
<br>
2018-9-24,32.3,25.1,17.9,19.4,17.2,14.5,83,70,42,1019,1010,18,4,26,0.00
<br>
2018-9-25,21.9,18.1,14.2,17.5,13.4,10.0,88,82,72,1026,1014,27,7,73,1.09
<br>
2018-9-26,17.7,15.4,13.1,11.5,10.4,9.4,84,77,65,1028,1026,27,6,44,0.84
<br>
2018-9-27,16.8,15.6,14.4,13.0,11.3,9.5,79,74,70,1027,1024,21,5,42,0.00
<br>
2018-9-28,21.5,18.8,16.0,17.1,14.5,12.7,88,80,76,1024,1016,14,3,33,0.00
<br>
2018-9-29,24.1,20.0,16.0,19.3,16.4,14.0,88,83,74,1016,1013,15,2,27,0.00
<br>
2018-9-30,20.2,19.1,18.0,17.8,16.8,15.8,92,88,81,1017,1015,16,2,41,0.03
<br>
2018-10-1,24.5,21.2,17.9,19.3,17.3,16.3,92,87,70,1015,1009,16,3,26,0.00
<br>
2018-10-2,25.1,21.1,17.1,19.0,17.0,15.6,91,83,68,1017,1012,22,5,38,0.18
<br>
2018-10-3,25.0,21.7,18.4,19.7,17.7,16.3,89,82,72,1020,1017,14,2,27,0.00
<br>
2018-10-4,22.6,19.0,15.4,16.8,14.0,11.4,89,75,60,1028,1020,14,3,32,0.00
<br>
2018-10-5,22.2,17.7,13.2,14.2,11.8,9.5,80,68,59,1029,1027,20,2,37,0.00
<br>
2018-10-6,22.3,18.9,15.5,15.9,13.2,10.6,80,73,67,1027,1020,22,2,44,0.00
<br>
2018-10-7,23.1,19.6,16.1,17.2,14.5,13.0,83,77,67,1020,1015,16,3,39,0.00
<br>
2018-10-8,24.3,19.2,14.2,17.1,14.1,11.9,88,78,64,1018,1015,18,2,27,0.00
<br>
2018-10-9,20.8,18.4,16.1,15.2,14.1,12.8,84,78,70,1021,1018,18,4,35,0.00
<br>
2018-10-10,22.5,18.9,15.4,16.0,14.1,12.1,84,78,65,1022,1020,18,4,43,0.03
<br>
2018-10-11,20.8,18.2,15.6,17.6,15.2,13.6,92,87,79,1021,1019,18,3,33,0.03
<br>
2018-10-12,22.2,18.6,15.1,18.3,15.8,13.1,91,87,79,1023,1020,19,3,37,0.03
<br>
2018-10-13,19.3,18.2,17.1,16.4,15.4,14.3,88,85,80,1023,1021,20,7,38,0.00
<br>
2018-10-14,19.3,18.1,16.9,17.4,15.8,14.3,91,88,84,1022,1021,19,6,36,0.03
<br>
2018-10-15,20.7,18.7,16.8,17.9,16.2,14.4,91,87,83,1022,1020,18,4,32,0.00
<br>
2018-10-16,21.6,18.6,15.6,17.6,15.9,14.1,91,86,77,1022,1020,15,3,29,0.00
<br>
2018-10-17,20.0,18.7,17.5,17.5,16.4,15.9,91,89,83,1021,1017,19,5,32,0.00
<br>
2018-10-18,21.9,19.6,17.4,18.8,16.8,15.9,91,89,81,1018,1016,17,4,28,0.13
<br>
2018-10-19,23.2,20.1,16.9,18.8,16.6,15.4,91,87,75,1017,1016,11,2,20,0.00
<br>
2018-10-20,20.8,18.5,16.2,17.4,15.7,14.7,91,88,79,1018,1016,15,3,29,0.00
<br>
2018-10-21,19.5,17.7,15.8,16.0,14.7,13.5,88,85,78,1019,1016,14,4,32,0.00
<br>
2018-10-22,21.0,17.9,14.9,16.8,14.9,13.3,91,85,76,1020,1019,18,3,35,0.00
<br>
2018-10-23,19.8,17.9,16.1,15.7,14.7,13.7,90,83,77,1019,1013,16,4,29,0.00
<br>
2018-10-24,19.0,16.6,14.2,15.1,13.4,9.3,90,81,63,1013,1001,28,4,49,0.00
<br>
2018-10-25,16.4,12.6,8.7,10.2,5.6,2.5,84,66,51,1015,1002,39,6,77,1.37
<br>
2018-10-26,17.5,13.2,9.0,8.4,5.9,1.1,72,59,53,1020,1015,30,6,52,0.00
<br>
2018-10-27,22.1,18.1,14.0,11.3,8.7,7.2,71,59,41,1021,1019,27,8,44,0.00
<br>
2018-10-28,24.3,19.9,15.5,11.1,9.4,7.2,70,56,42,1023,1020,31,7,41,0.00
<br>
2018-10-29,25.9,20.5,15.1,14.1,11.7,9.5,73,62,47,1023,1020,21,4,31,0.00
<br>
2018-10-30,24.0,20.1,16.4,14.5,12.8,11.2,81,68,48,1022,1020,18,5,26,0.00
<br>
2018-10-31,24.0,19.9,15.9,16.0,13.1,10.2,87,67,47,1025,1022,15,5,22,0.00
<br>
2018-11-1,22.8,19.4,16.1,16.4,13.6,10.0,84,74,61,1028,1025,15,3,26,0.00
<br>
2018-11-2,20.3,18.2,16.2,14.5,13.3,12.4,82,77,69,1028,1025,17,3,33,0.00
<br>
2018-11-3,21.1,18.2,15.3,14.9,12.8,10.4,80,73,66,1027,1024,18,3,38,0.00
<br>
2018-11-4,21.9,19.3,16.8,16.2,14.7,13.2,82,76,69,1025,1023,18,3,32,0.00
<br>
2018-11-5,20.5,18.0,15.5,14.1,12.8,11.5,81,74,64,1024,1021,16,3,32,0.00
<br>
2018-11-6,18.5,16.8,15.0,14.0,12.6,11.0,85,78,71,1022,1021,13,2,34,0.00
<br>
2018-11-7,23.0,18.2,13.3,14.1,11.3,10.2,83,75,56,1023,1021,11,2,31,0.03
<br>
2018-11-8,17.8,15.3,12.8,14.1,12.4,10.0,90,83,77,1021,1020,14,2,29,0.00
<br>
2018-11-9,22.3,17.3,12.3,15.9,11.8,9.5,91,82,67,1022,1020,12,3,24,0.00
<br>
2018-11-10,19.3,16.2,13.7,13.9,12.1,11.1,88,82,70,1021,1019,13,2,27,0.00
<br>
2018-11-11,22.6,17.8,13.2,16.0,13.1,11.4,92,83,66,1025,1021,12,2,23,0.00
<br>
2018-11-12,23.6,18.4,13.5,13.6,11.8,9.6,91,79,53,1029,1025,15,2,27,0.00
<br>
2018-11-13,17.1,14.1,11.0,12.5,9.5,5.4,85,76,67,1029,1027,22,4,40,0.00
<br>
2018-11-14,16.2,13.3,10.4,10.9,7.9,6.5,90,78,67,1027,1022,20,4,37,0.05
<br>
2018-11-15,14.8,11.6,8.5,10.7,7.6,6.3,91,84,75,1022,1018,21,4,45,3.28
<br>
2018-11-16,10.4,8.9,7.5,7.9,6.6,5.0,91,88,83,1028,1019,29,6,55,2.77
<br>
2018-11-17,13.2,10.4,7.5,9.3,7.4,5.0,90,83,76,1028,1025,15,3,30,0.00
<br>
2018-11-18,11.4,10.8,10.2,10.1,9.4,8.6,92,91,86,1025,1013,11,2,36,0.00
<br>
2018-11-19,17.2,13.7,10.1,13.2,11.7,8.2,92,85,76,1020,1010,20,4,33,1.78
<br>
2018-11-20,12.4,11.2,10.1,11.0,9.3,7.9,91,88,85,1022,1019,14,2,24,0.00
<br>
2018-11-21,16.2,14.1,11.9,14.4,12.2,10.5,91,90,88,1019,1011,11,1,17,0.00
<br>
2018-11-22,13.6,11.7,9.7,12.2,10.3,7.1,96,90,84,1021,1012,23,5,46,0.00
<br>
2018-11-23,12.3,10.7,9.2,7.8,6.8,6.2,86,81,73,1027,1021,18,5,38,0.00
<br>
2018-11-24,11.9,10.7,9.4,7.7,6.8,5.2,84,78,71,1027,1023,14,2,30,0.00
<br>
2018-11-25,14.4,12.1,9.7,9.7,7.7,6.6,84,79,67,1023,1015,20,3,29,0.00
<br>
2018-11-26,15.5,13.2,10.8,12.3,9.8,7.5,89,81,74,1015,1007,40,9,63,0.63
<br>
2018-11-27,19.0,17.2,15.5,14.0,12.9,11.9,83,77,71,1009,1006,42,13,72,0.08
<br>
2018-11-28,17.5,12.6,7.7,14.0,10.4,6.3,91,86,71,1019,1006,41,6,70,4.93
<br>
2018-11-29,7.7,6.8,5.8,6.3,5.3,4.3,91,90,88,1026,1019,32,6,70,6.35
<br>
2018-11-30,7.4,5.7,4.1,5.9,4.3,2.6,91,90,86,1023,1020,30,9,64,4.29
<br>
2018-12-1,6.2,4.9,3.6,4.2,2.5,1.5,90,86,82,1025,1022,23,4,59,0.00
<br>
2018-12-2,13.1,9.7,6.2,9.5,6.7,4.1,90,86,78,1024,1021,14,1,25,0.00
<br>
2018-12-3,15.3,11.8,8.3,10.8,8.7,6.8,91,87,74,1021,1015,13,2,27,0.00
<br>
2018-12-4,12.6,11.7,10.8,10.4,9.6,8.7,91,88,84,1015,1011,15,3,32,0.00
<br>
2018-12-5,11.8,9.4,7.1,10.2,8.4,5.6,90,90,89,1019,1011,22,6,58,3.99
<br>
2018-12-6,7.3,6.3,5.3,5.8,3.6,0.6,90,84,70,1023,1019,36,9,67,5.28
<br>
2018-12-7,12.0,7.4,2.9,3.5,-0.4,-1.4,80,66,49,1025,1021,22,4,44,0.00
<br>
2018-12-8,16.3,9.7,3.1,4.9,1.7,-1.4,81,70,45,1021,1014,24,4,37,0.00
<br>
2018-12-9,13.3,10.7,8.1,8.9,5.2,3.2,89,69,51,1014,1007,25,7,42,0.23
<br>
2018-12-10,12.7,10.4,8.2,9.7,8.4,5.9,89,85,77,1008,1001,24,4,67,1.78
<br>
2018-12-11,8.1,6.7,5.3,5.9,4.2,2.9,86,83,79,1015,1001,23,3,97,2.84
<br>
2018-12-12,7.0,4.6,2.2,4.4,2.2,0.3,89,81,72,1022,1013,24,4,44,0.74
<br>
2018-12-13,9.8,7.2,4.6,3.4,1.1,-0.1,77,65,54,1023,1021,29,8,48,0.00
<br>
2018-12-14,11.0,8.8,6.6,6.1,4.0,1.5,77,71,63,1022,1020,14,1,21,0.00
<br>
2018-12-15,17.7,13.8,9.8,9.8,7.9,5.9,81,72,60,1021,1018,15,2,21,0.00
<br>
2018-12-16,18.3,14.4,10.6,9.9,7.8,6.7,82,70,58,1018,1013,16,1,29,0.00
<br>
2018-12-17,11.4,9.8,8.2,9.6,8.0,6.6,90,89,82,1018,1013,21,5,34,0.10
<br>
2018-12-18,9.8,8.5,7.2,8.2,7.1,5.7,90,90,90,1019,1016,29,7,58,2.36
<br>
2018-12-19,7.2,4.3,1.4,5.7,2.1,-0.1,90,90,90,1027,1015,46,5,92,10.82
<br>
2018-12-20,4.9,3.4,1.9,2.9,1.6,0.4,90,87,84,1030,1027,12,2,18,0.00
<br>
2018-12-21,8.0,6.4,4.9,5.0,4.1,2.9,87,83,79,1030,1026,19,3,29,0.00
<br>
2018-12-22,10.2,8.2,6.2,6.8,5.6,4.1,89,85,79,1027,1021,36,12,47,0.00
<br>
2018-12-23,15.3,12.1,9.0,10.2,7.8,6.2,90,85,70,1023,1019,32,8,43,0.08
<br>
2018-12-24,13.9,11.1,8.2,8.6,7.5,6.1,90,80,68,1023,1009,65,15,84,0.00
<br>
2018-12-25,13.0,8.2,3.3,9.0,3.1,0.4,87,82,70,1022,1010,49,7,80,4.67
<br>
2018-12-26,10.5,6.2,1.9,2.5,-0.2,-2.1,85,74,57,1026,1022,31,4,49,0.13
<br>
2018-12-27,6.7,4.3,2.0,2.8,0.1,-2.5,79,73,64,1026,1022,17,2,26,0.00
<br>
2018-12-28,13.6,8.9,4.2,5.0,2.3,0.2,80,73,55,1026,1021,24,4,30,0.00
<br>
2018-12-29,7.1,6.3,5.5,4.8,3.3,1.7,90,81,71,1023,1018,23,7,61,1.35
<br>
2018-12-30,7.3,6.2,5.1,4.7,3.6,3.0,87,83,80,1024,1023,15,2,38,0.10
<br>
2018-12-31,11.8,8.1,4.4,5.0,3.6,2.1,85,77,61,1024,1022,9,1,20,0.03
<br>
